56307	2452284.678997	2452284.678820	2284.678997	15.30	3.37
56308	2452284.741363	2452284.741183	2284.741363	15.57	3.53
98482	2454914.832280	2454914.832292	4914.832280	-1.04	0.86
98483	2454914.894663	2454914.894655	4914.894663	0.70	1.04
98514	2454916.827926	2454916.827903	4916.827926	1.95	1.30
98560	2454919.696603	2454919.696595	4919.696603	0.71	1.30
98577	2454920.756784	2454920.756763	4920.756784	1.78	1.21
98607	2454922.627668	2454922.627649	4922.627668	1.64	1.21
98608	2454922.690017	2454922.690012	4922.690017	0.44	0.69
98609	2454922.752365	2454922.752375	4922.752365	-0.84	0.69
98610	2454922.814727	2454922.814738	4922.814727	-0.92	0.78
98850	2454937.781831	2454937.781823	4937.781831	0.68	1.21
98851	2454937.844195	2454937.844186	4937.844195	0.77	0.86
98865	2454938.717285	2454938.717266	4938.717285	1.64	1.12
98866	2454938.779611	2454938.779629	4938.779611	-1.55	0.69
98896	2454940.650507	2454940.650515	4940.650507	-0.66	2.16
98897	2454940.712869	2454940.712877	4940.712869	-0.73	0.78
98898	2454940.775243	2454940.775240	4940.775243	0.23	2.25
98899	2454940.837637	2454940.837603	4940.837637	2.92	1.90
98914	2454941.773045	2454941.773046	4941.773045	-0.09	1.04
98915	2454941.835408	2454941.835409	4941.835408	-0.07	1.99
98928	2454942.646122	2454942.646126	4942.646122	-0.34	0.78
98930	2454942.770852	2454942.770852	4942.770852	0.03	0.86
98931	2454942.833221	2454942.833215	4942.833221	0.56	0.86
98932	2454942.895591	2454942.895577	4942.895591	1.17	2.59
98945	2454943.706304	2454943.706295	4943.706304	0.82	0.69
98946	2454943.768653	2454943.768657	4943.768653	-0.38	0.86
98947	2454943.831008	2454943.831020	4943.831008	-1.06	1.30
99377	2454970.647033	2454970.647049	4970.647033	-1.34	3.37
99378	2454970.709414	2454970.709411	4970.709414	0.22	3.46
99746	2454993.658926	2454993.658943	4993.658926	-1.43	1.13
99826	2454998.647982	2454998.647971	4998.647982	0.94	1.82
99938	2455005.632601	2455005.632611	5005.632601	-0.87	2.08
102028	2455135.970976	2455135.970981	5135.970976	-0.44	1.84
102364	2455156.924900	2455156.924901	5156.924900	-0.07	1.84
102365	2455156.987244	2455156.987264	5156.987244	-1.70	1.58
102380	2455157.922708	2455157.922707	5157.922708	0.12	2.27
102397	2455158.982865	2455158.982875	5158.982865	-0.87	1.93
102428	2455160.916107	2455160.916124	5160.916107	-1.44	1.42
102429	2455160.978466	2455160.978487	5160.978466	-1.77	1.25
102444	2455161.913906	2455161.913929	5161.913906	-2.02	1.76
102445	2455161.976285	2455161.976292	5161.976285	-0.62	2.18
102460	2455162.911738	2455162.911735	5162.911738	0.25	2.70
103150	2455205.942102	2455205.942106	5205.942102	-0.35	1.10
103151	2455206.004463	2455206.004469	5206.004463	-0.51	1.10
103166	2455206.939920	2455206.939912	5206.939920	0.71	0.94
103167	2455207.002308	2455207.002275	5207.002308	2.88	1.18
103197	2455208.873171	2455208.873160	5208.873171	0.92	1.26
103213	2455209.870977	2455209.870966	5209.870977	0.95	0.71
103214	2455209.933305	2455209.933329	5209.933305	-2.06	1.43
103215	2455209.995687	2455209.995692	5209.995687	-0.41	1.10
103263	2455212.989111	2455212.989109	5212.989111	0.19	1.52
103775	2455244.918892	2455244.918891	5244.918892	0.06	0.80
103776	2455244.981257	2455244.981254	5244.981257	0.24	1.44
103808	2455246.976864	2455246.976866	5246.976864	-0.14	1.20
106096	2455389.664062	2455389.663081	5389.664062	84.74	1.83
-73099	2444214.553250	2444214.551014	-5785.446750	193.16	19.95
-73098	2444214.615620	2444214.613377	-5785.384380	193.78	19.95
-73097	2444214.677980	2444214.675740	-5785.322020	193.53	19.95
-61017	2444968.023090	2444968.019046	-5031.976910	349.38	100.59
-61002	2444968.957120	2444968.954489	-5031.042880	227.31	100.59
-61001	2444969.019620	2444969.016852	-5030.980380	239.16	100.59
-60841	2444978.997550	2444978.994909	-5021.002450	228.18	100.59
-60602	2444993.900780	2444993.899632	-5006.099220	99.21	61.09
-60601	2444993.963280	2444993.961995	-5006.036720	111.06	61.09
-60600	2444994.026420	2444994.024357	-5005.973580	178.20	61.09
-60169	2445020.905130	2445020.902749	-4979.094870	205.75	23.35
-60153	2445021.902920	2445021.900554	-4978.097080	204.40	23.35
-60106	2445024.833860	2445024.831609	-4975.166140	194.53	61.08
-48767	2445731.966400	2445731.964038	-4268.033600	204.06	31.95
-48256	2445763.833730	2445763.831458	-4236.166270	196.31	12.39
-46796	2445854.882800	2445854.881228	-4145.117200	135.79	100.46
-43588	2446054.942310	2446054.941272	-3945.057690	89.69	100.44
-43075	2446086.935650	2446086.933417	-3913.064350	192.91	11.36
-43074	2446086.997960	2446086.995780	-3913.002040	188.34	11.36
-3410	2448560.557800	2448560.556120	-1439.442200	145.19	8.80
0	nan	2448773.213460	-1226.784910	nan	9.05
16	2448774.212930	2448774.211266	-1225.787070	143.78	9.05
5848	2449137.912940	2449137.911445	-862.087060	129.18	8.67
5945	2449143.962140	2449143.960642	-856.037860	129.43	8.66
5946	2449144.024380	2449144.023005	-855.975620	118.82	8.66
5947	2449144.086890	2449144.085368	-855.913110	131.53	8.66
5961	2449144.960050	2449144.958448	-855.039950	138.45	8.66
5962	2449145.022350	2449145.020810	-854.977650	133.02	8.66
5963	2449145.084540	2449145.083173	-854.915460	118.08	8.66
5964	2449145.147110	2449145.145536	-854.852890	135.98	8.66
49670	2451870.776880	2451870.776541	1870.776880	29.25	6.14
49672	2451870.901630	2451870.901267	1870.901630	31.34	6.14
56307	2452284.678950	2452284.678820	2284.678950	11.24	5.84
